#The index of the documents is in the file Index_dtos.txt
C1,1,3,7,18,224,27,29,38,46,65,70,102,237,236,124,125,158
C2,1,79,67,76,77,78,79,80,97,107,108,110,62,61,79,102,239,237,236,130,142,233,224,221,218,202,200,197,188,108,110,117,123,124,126,127,128,129,130
C3,1,7,55,76,84,102,237,236,123,124,125,126,130,142,143,211,226,213,202,197
C4,1,11,31,83,84,86,91,102,107,239,238,237,236,235,123,124,125,130,133,142,145,211,220,219,213,212,190,185,176
C5,2,3,5,6,7,8,11,12,13,14,15,16,19,20,23,30,32,33,36,37,38,39,43,45,49,55,56,57,58,59,60,61,62,67,68,70,73,75,76,77,81,94,96,100,103,104,106
C6,2,5,6,8,12,13,15,19,26,35,38,47,48,49,56,58,73,75,76,77,78,79,80,81,82,83,84,85,86,87,88,89,90,91,92,93,94,95,96,97,98,99,100,101,103,104,105,107,239,238,237,108,109,110,111,112,113,114,115,116,118,119,120,121,122,123,124,125,126,129,130,127,131,128,134,132,135,138,139,140,141,133,142,136,143,145,146,148,147,135,140,136,148,134,234,217,233,226,225,224,223,222,221,218,189,188,186,183,182,187,177,166,159
C7,4,6,25,42,44,50,77,83,84,85,86,87,88,91,92,93,97,99,104,106,240,110,111,114,116,119,121,122,123,124,125,126,128,134,135,128,133,145,234,217,233,232,229,228,226,223,222,221,216,215,205,199,198,196,193,192,183,182,187,176,175
C8,6,32,33,34,36,40,43,44,47,48,49,50,51,54,59,68,71,73,74,75,76,77,80,84,85,86,87,88,90,92,99,103,104,105,106,240,238,110,112,114,115,116,119,120,123,124,126,129,132,133,148,149,150,151,153,154,155,156,157,234,217,233,232,229,228,226,225,222,223,220,215,205,203,199,196,194,193,192,189,188,186,184,185,183,182,180,181,187,179,178,175,174,172,171,170,169,168,164,163,162,161,158
C9,8,2,58,76,77,78,79,80,81,89,94,99,103,105,239,112,115,124,125,126,127,131,128,135,140,141,133,143,146,147,153,234,217,233,232,231,229,228,227,226,225,224,223,222,220,205,188,186,185,183,187,177,176,175,173,164
C10,10,41,238,237,152,211,209,208,202,190,158,234,217,205,206,207,204,203
C11,13,46,53,240,237,236,235,116,130,127,140,142,145,152,155,156,211,217,222,215,210,209,207,205,202,198,196,195,191,190,189,186,187,173,172,165,163
C12,16,31,55,58,63,76,239,237,113,124,126,211,227,226,225,224,214,201,200,197
C13,17,52,102,240,237,123,124,125,130,142,145,152,211,216,207,206,205,202,190
C14,20,50,61,83,97,98,102,104,240,110,121,124,128,141,133,146,147,234,211,217,229,228,222,221,216,215,214,206,204,201,199,198,195,176,166,159
C15,30,76,96,239,237,236,235,124,125,128,141,143,146,147,219
C16,31,58,70,76,78,80,94,101,107,239,111,124,130,139,133,233,223,203
C17,38,70,76,78,79,80,82,94,99,101,237,105,111,125,127,128,139,143,146,147,234,224,223,213
C18,48,49,50,51,53,71,103,106,112,125,131,135,133,149,153,234,217,233,229,228,226,225,224,223,222,220,216,214,205,203,200,196,194,193,190,188,186,187,175,173,164,159
C19,55,60,62,64,66,69,76,81,87,95,96,97,99,100,102,237,236,114,116,118,121,122,123,124,125,126,130,132,138,133,217,228,223,221,220,219,216,214,201,200,198,197,196,195,194,193,191,166,165,159
C20,57,58,61,71,76,77,79,80,81,82,83,84,87,101,104,236,237,238,239,235,108,111,113,115,116,121,122,123,124,125,126,130,127,128,134,136,138,139,140,141,133,143,146,148,234,217,233,232,229,228,226,219,216,218,210,201,200,195,193,190,186,173,172,164
C21,1,2,3,4,5,6,7,8,9,10,11,12,13,14,15,16,17,18,19,20,21,22,23,24,25,26,27,28,29,30,31,32,33,34,35,36,37,38,39,40,41,42,43,44,45,46,47,48,49,50,51,52,53,54,55,56,57,58,59,60,61,62,67,70,74,77,78,79,80,81,82,83,84,87,91,94,95,96,97,98,99,100,101,102,107,239,237,236,108,110,111,113,114,117,118,122,124,125,127,128,134,132,138,139,140,133,142,143,137,144,150,151,152,211,217,233,232,226,221,219,201,198,197,196,188,186,183,187,159
C22,1,2,3,4,5,6,7,8,9,10,11,12,13,14,15,16,17,18,19,20,21,22,23,24,25,26,27,28,29,30,31,32,33,34,35,36,37,38,39,40,41,42,43,44,45,46,47,48,49,50,51,52,53,54,55,56,57,58,59,60,61,62,67,70,71,74,76,77,78,79,80,81,82,83,84,86,87,88,90,91,94,95,96,97,98,99,100,101,102,107,239,238,237,236,235,108,110,111,113,114,115,117,118,119,120,121,122,123,124,125,126,130,127,128,134,132,136,138,140,133,143,144,145,146,148,147,234,211,217,233,228,226,225,224,223,221,222,219,216,214,213,212,204,203,200,198,196,193,191,190,189,188,186,185,184,159
C23,72,83,84,86,87,90,102,152,153,211,217,210,209,207,206,205,204,202
C24,75,77,83,88,87,90,91,92,94,97,102,106,107,240,235,108,109,113,114,115,130,153,155,157,211,217,232,231,229,228,227,225,216,218,210,206,202,192,193,174,168,167,158
C25,77,83,87,88,103,104,105,106,240,239,238,237,110,114,116,117,123,124,126,129,133,145,150,151,152,153,155,234,217,233,231,230,229,228,225,220,219,216,215,214,212,205,200,199,196,192,189,186,185,181,187,178,176,172,171,165,162,160,158
C26,78,81,84,88,87,90,91,94,100,101,104,106,107,235,108,110,111,115,120,122,125,127,128,132,135,138,139,140,133,143,148,153,211,217,233,231,230,229,227,226,223,222,221,220,219,218,214,213,202,196,194,193,189,188,186,183,180,187,174,171,167,162,161,158
C27,81,82,83,84,100,106,240,239,238,237,236,113,118,119,122,124,129,130,131,128,155,234,217,226,221,220,219,214,213,206,203,202,201,200,195,194,190,186,175
C28,102,240,237,123,124,125,126,133,210,207,202,200,193,165,159
C29,239,240,238,237,236,130,131,132,133,145,152,153,234,211,217,232,231,229,227,216,214,210,207,206,202,199,196,195,194,191,186,179,178,174,173,172,171,169,168,163,162,161,158
C30,238,236,235,119,120,144,234,211,233,232,230,229,227,226,222,221,219,218,213,207,206,202,174
C31,117,122,230,226,224,223,220,218,210,201,197,196,190,185,183,182,172,170,168,160
C32,124,125,126,133,144,146,147,233,232,231,230,227,225,222,219,218,216,215,188,172,161,121,123,125,126,188
C33,123,124,125,126,155,240,235,236,238,234,233,228,229,227,225,223,222,220,215,209,210,201,200,199,194,190,180,184,183,181,173,172